Yacht       513.53    2978.47                32
Yacht       515.99    2992.74                34
Yacht       522.14    3028.41                39
Rowboat     518.45     523.63                17
Rowboat     504.92     509.97                 5
Rowboat     506.15     511.21                 6
Yacht       509.84    2957.07                29
Yacht       520.91    3021.28                38
Yacht       511.07    2964.21                30
Yacht       523.37    3035.55                40
Yacht       508.61    2949.94                28
Yacht       519.68    3014.14                37
Yacht       502.46    2914.27                23
Yacht       503.69    2921.40                24
Rowboat     501.23     506.24                 2
Rowboat     514.76     519.91                14
Yacht       512.30    2971.34                31
Rowboat     507.38     512.45                 7
Yacht       500.00    2900.00                20
Rowboat     517.22     522.39                16
